Objects detected in 18.jpg:
melee: 27

Estimated Detection Accuracy: 92.1%
Quality: Excellent

Detailed detections:
melee 0.939706 148 151 125 471
melee 0.937659 711 369 49 262
melee 0.927361 200 305 91 185
melee 0.925142 883 282 72 213
melee 0.916381 759 4 103 488
melee 0.916218 812 0 109 411
melee 0.915857 301 103 96 480
melee 0.914703 32 185 74 419
melee 0.907837 126 199 29 300
melee 0.907365 66 244 91 205
melee 0.906222 587 178 70 316
melee 0.892193 450 236 56 359
melee 0.879209 104 386 30 103
melee 0.877703 143 214 70 343
melee 0.872047 621 0 53 362
melee 0.869062 58 20 89 482
melee 0.865523 456 93 78 465
melee 0.863266 263 27 89 617
melee 0.849279 354 211 41 312
melee 0.835590 934 0 76 672
melee 0.817717 391 330 49 162
melee 0.798849 750 13 60 526
melee 0.788388 579 178 25 299
melee 0.772145 496 0 75 636
melee 0.699917 553 278 22 251
melee 0.655503 305 11 39 475
melee 0.284797 0 0 24 565
