Objects detected in 19.jpg:
melee: 20

Estimated Detection Accuracy: 91.0%
Quality: Excellent

Detailed detections:
melee 0.967915 1 74 554 448
melee 0.958552 540 7 307 615
melee 0.947833 1004 707 139 266
melee 0.946455 781 238 128 338
melee 0.940949 1199 435 143 467
melee 0.933593 295 302 112 271
melee 0.927340 1148 225 52 192
melee 0.924306 527 200 112 328
melee 0.920403 484 484 84 590
melee 0.920376 1177 313 193 363
melee 0.908894 45 461 83 570
melee 0.903646 866 164 116 487
melee 0.896146 1332 283 107 398
melee 0.885318 1454 63 101 540
melee 0.883552 1161 0 74 656
melee 0.805451 1525 135 74 587
melee 0.558566 0 377 779 115
melee 0.505366 518 386 1082 104
melee 0.368848 1362 326 206 249
melee 0.314567 1294 381 306 125
