Objects detected in 20.jpg:
melee: 35

Estimated Detection Accuracy: 90.5%
Quality: Excellent

Detailed detections:
melee 0.940783 718 364 65 186
melee 0.926953 54 127 59 203
melee 0.913914 444 415 38 118
melee 0.913645 151 92 75 204
melee 0.907267 663 248 25 113
melee 0.900009 671 477 52 121
melee 0.894600 308 59 56 374
melee 0.889133 559 176 47 304
melee 0.889061 255 141 48 196
melee 0.887812 592 0 38 343
melee 0.887711 762 163 30 157
melee 0.887265 495 204 45 354
melee 0.885321 483 1 34 309
melee 0.881351 116 146 27 174
melee 0.880140 380 0 27 285
melee 0.873420 684 554 33 39
melee 0.870378 139 62 29 226
melee 0.864154 403 318 27 155
melee 0.862627 798 105 28 131
melee 0.862300 0 126 26 177
melee 0.861757 356 52 26 246
melee 0.857285 743 174 23 166
melee 0.839639 294 84 41 384
melee 0.838628 429 57 34 393
melee 0.823002 737 125 22 177
melee 0.808463 642 151 26 116
melee 0.786559 873 301 25 85
melee 0.767754 395 204 28 341
melee 0.764324 758 238 19 92
melee 0.707444 656 186 15 100
melee 0.625746 880 237 18 140
melee 0.575686 878 171 19 98
melee 0.517895 814 124 14 138
melee 0.430458 821 140 13 141
melee 0.299389 755 115 14 124
