Objects detected in 17.jpg:
melee: 30

Estimated Detection Accuracy: 83.7%
Quality: Good

Detailed detections:
melee 0.869561 1217 144 46 294
melee 0.859992 304 67 59 369
melee 0.854367 591 139 30 217
melee 0.847670 896 102 63 571
melee 0.832990 1011 120 36 318
melee 0.825015 1063 92 45 348
melee 0.822571 244 118 21 148
melee 0.820539 814 95 37 356
melee 0.774317 745 133 36 271
melee 0.772597 455 93 16 290
melee 0.745982 721 100 46 311
melee 0.742253 1196 158 49 268
melee 0.736730 917 103 30 328
melee 0.728631 988 153 16 147
melee 0.727021 564 147 26 217
melee 0.723232 672 159 21 197
melee 0.720884 784 159 26 252
melee 0.700539 871 109 25 275
melee 0.684019 1139 141 26 215
melee 0.643975 636 69 33 366
melee 0.641847 1164 149 24 289
melee 0.613877 503 109 37 304
melee 0.605261 472 76 24 342
melee 0.601907 541 102 23 304
melee 0.588507 1268 163 20 215
melee 0.490475 634 139 20 236
melee 0.385809 899 109 23 332
melee 0.310246 1179 153 29 285
melee 0.306923 1282 160 17 211
melee 0.252428 847 102 21 315
