Objects detected in 38.jpg:
melee: 21

Estimated Detection Accuracy: 95.1%
Quality: Excellent

Detailed detections:
melee 0.951268 215 198 117 43
melee 0.948717 2 20 51 82
melee 0.947509 354 60 68 129
melee 0.947337 233 252 86 49
melee 0.943635 455 36 25 108
melee 0.943251 471 70 70 70
melee 0.937243 437 47 48 77
melee 0.936210 248 36 39 49
melee 0.935792 288 51 53 62
melee 0.931559 28 220 56 89
melee 0.927703 372 62 28 29
melee 0.912976 292 18 28 23
melee 0.894937 322 55 34 27
melee 0.892606 87 7 12 91
melee 0.879793 247 8 17 64
melee 0.871612 259 96 88 11
melee 0.858938 329 23 8 45
melee 0.838471 440 4 25 48
melee 0.832139 391 21 11 34
melee 0.831915 198 12 20 69
melee 0.795443 206 18 22 80
